[0.5859375  0.40063477 0.28027344 0.5859375  0.64453125 0.4140625
 0.43066406 0.50830078 0.41650391 0.78710938 0.28271484 0.51464844
 0.39501953 0.20092773 0.32836914 0.55810547 0.74804688 0.51416016
 0.99633789 0.51953125 0.27807617 0.82641602 0.76782227 0.08203125
 0.94775391 0.30566406 0.52416992 0.84643555 0.91552734 0.41992188
 0.2980957  0.31298828 0.48535156 0.47290039 0.01586914 0.12475586
 0.39013672 0.74267578 0.99829102 0.7253418  0.34448242 0.38500977
 0.07324219 0.60058594 0.05957031 0.39404297 0.15185547 0.89013672
 0.04931641 0.36791992 0.39306641 0.56689453 0.22753906 0.36352539
 0.52587891 0.56860352 0.60473633 0.7199707  0.83251953 0.89208984
 0.69799805 0.51660156 0.40698242 0.45654297 0.62353516 0.22045898
 0.92626953 0.87133789 0.64282227 0.52075195 0.50317383 0.92236328
 0.41650391 0.39746094 0.23510742 0.81713867 0.71557617 0.13671875
 0.04711914 0.73632812 0.48120117 0.10253906 0.18725586 0.875
 0.47485352 0.10888672 0.68115234 0.14379883 0.80932617 0.34838867
 0.29199219 0.60375977 0.73632812 0.47216797 0.07714844 0.54663086
 0.74389648 0.09350586 0.27978516 0.98901367 0.77270508 0.19750977
 0.21142578 0.19921875 0.97607422 0.15258789 0.16210938 0.68652344
 0.56469727 0.03149414 0.45800781 0.34472656 0.86694336 0.87133789
 0.68676758 0.48974609 0.06567383 0.77197266 0.81933594 0.57299805
 0.70263672 0.52661133 0.421875   0.87792969 0.27563477 0.49780273
 0.92895508 0.48730469 0.31689453 0.19873047 0.1496582  0.51049805
 0.86621094 0.40698242 0.90332031 0.34912109 0.70141602 0.2902832
 0.37158203 0.96386719 0.66308594 0.02661133 0.6003418  0.23583984
 0.73657227 0.95898438 0.54638672 0.03540039 0.11425781 0.58129883
 0.98510742 0.49462891 0.36401367 0.7590332  0.50366211 0.6953125
 0.02880859 0.55761719 0.15161133 0.1003418  0.36108398 0.7590332
 0.31030273 0.36303711 0.65112305 0.21411133 0.61376953 0.48876953
 0.71191406 0.02783203 0.67016602 0.06689453 0.52734375 0.85205078
 0.98364258 0.01904297 0.56640625 0.78808594 0.79370117 0.45678711
 0.62597656 0.53051758 0.59594727 0.9909668  0.46264648 0.87915039
 0.80908203 0.10595703 0.37109375 0.30517578 0.68701172 0.42651367
 0.72119141 0.9309082  0.05078125 0.77539062 0.1171875  0.75366211
 0.67871094 0.01660156 0.39086914 0.44458008 0.15551758 0.18164062
 0.56811523 0.21435547 0.34423828 0.38085938 0.40893555 0.3112793
 0.72973633 0.65063477 0.95703125 0.27172852 0.20581055 0.80859375
 0.94384766 0.98779297 0.41552734 0.31201172 0.79150391 0.13964844
 0.02001953 0.77514648 0.40356445 0.97021484 0.36669922 0.14453125
 0.82104492 0.82958984 0.10668945 0.90527344 0.38916016 0.19921875
 0.29199219 0.07373047 0.53564453 0.24145508 0.95141602 0.6015625
 0.15673828 0.97509766 0.09594727 0.19042969 0.04956055 0.6730957
 0.4152832  0.05737305 0.91845703 0.48510742 0.78076172 0.48706055
 0.49023438 0.56469727 0.02416992 0.96728516]
[-2.50204887e-01 -2.68392732e-01  6.23238923e-01 -2.50204887e-01
 -1.62766529e+00  1.92984386e+00  3.59852345e-01  4.73654734e-01
  1.25503563e+00 -1.68947382e+00  2.19774398e-01  1.47405184e+00
  7.47006912e-01 -8.47841880e-01  4.96050419e-01 -2.23806260e-01
  2.02471367e-01  1.97492791e+00  1.20851097e+00  8.37635914e-01
 -3.93786321e-02 -1.27787714e+00 -2.55926097e-01 -8.00767958e-01
 -3.13285507e-01  2.53662627e-02 -1.97541383e+00 -1.32262963e+00
 -2.44545883e-02  9.90886669e-01 -8.82889877e-02 -7.68149441e-02
 -1.29880110e-01 -1.27754615e-01  2.29316262e-02 -1.45054162e+00
 -7.99842583e-01  2.18168518e-01 -5.52534478e-01 -7.76164877e-02
 -1.80602594e+00 -7.73209500e-01  2.21844020e-01 -2.68392732e-01
  7.41471601e-01  1.91219252e+00  1.08321737e+00 -6.00826001e-01
 -3.03253261e-01 -2.55926097e-01  5.49127388e-02 -1.77382790e+00
 -1.23154099e+00 -1.00055364e+00 -1.50900022e-01  5.45274066e-01
 -1.25166529e+00  9.02522034e-01 -2.01861026e-01  3.08517771e-01
 -8.82889877e-02  1.46769780e+00 -1.78464632e+00  1.34450569e+00
 -1.16850754e+00  2.68281281e-01 -1.03876070e+00  1.43228293e+00
  1.58999808e-01 -6.27291116e-01 -2.92149610e-01  1.04040485e-01
  1.25503563e+00  1.30552711e+00  6.44054596e-01  1.65124157e+00
 -2.44545883e-02  1.50530321e+00 -1.78385689e+00  1.06351999e+00
 -1.37346906e+00  7.82403161e-02 -1.68947382e+00  5.44953898e-01
  1.06703166e+00  3.95636381e-01 -1.37346906e+00 -1.47941365e+00
 -6.49042266e-01  5.15693714e-01  7.77452588e-01 -1.61475679e+00
  1.06351999e+00  3.53455635e-01  1.77558362e+00 -1.52338833e+00
 -1.85596917e+00  8.01221703e-01  9.94550850e-01 -1.64782201e-01
 -2.07802839e-01  1.30552711e+00  1.44189383e+00  1.87860852e-01
  6.63849158e-01 -1.38304903e-01 -6.11562957e-01 -1.40792858e+00
 -1.35326437e+00  1.44155336e+00  1.12003131e-02 -1.40251520e+00
 -1.77907363e+00  1.43228293e+00 -1.71841251e+00 -9.98878674e-01
  2.19520343e-02  5.87712044e-01  6.68318942e-01  1.84436895e-02
  2.22064360e-01 -1.48673477e+00 -9.36790235e-01 -3.93786321e-02
 -2.38652247e-02  4.59712201e-01 -2.79256055e-02 -1.53913766e+00
  1.74434254e+00 -5.23362819e-01 -8.78776159e-01 -5.64083146e-03
 -8.88374169e-01 -1.78464632e+00 -8.29689036e-01 -7.31092200e-02
 -1.41794660e+00 -6.00826001e-01  1.36089482e+00 -1.88049756e+00
 -1.99275244e-01 -1.27787714e+00  3.23734515e-01  4.05386680e-02
  1.50530321e+00  9.58928482e-02 -1.08814099e+00  2.08729077e-01
  1.97492791e+00 -1.43697608e+00 -3.01305856e-01  1.51998061e+00
 -1.88049756e+00  9.58928482e-02 -1.38083743e+00  1.15883194e-01
  4.95679763e-01  8.74904561e-01  1.38046481e+00  5.77901518e-01
 -1.20516900e+00  9.58928482e-02 -5.54479308e-01 -1.06669925e-03
  1.34050305e+00  1.92984386e+00  1.63565359e+00  4.24024300e-01
  7.30438685e-01 -6.68243924e-01 -6.45126816e-01 -1.69781680e+00
 -1.46169398e+00  3.99231047e-01 -1.57148029e+00 -2.05244826e-01
 -1.13689228e+00  2.84569098e-01  1.59336085e+00  1.68655242e+00
 -3.26288342e-01  5.47590377e-02  2.68533174e-01  1.25614706e+00
  2.14683674e-01  3.71794321e-01 -2.10965175e-01 -1.22166208e-01
  1.22278974e+00 -4.73838997e-01 -1.77136227e+00 -1.27787714e+00
 -1.40752610e+00  1.14866188e+00  4.20405575e-01  2.67501743e-02
  1.75432613e+00  1.50308099e+00 -4.37403688e-01  1.25503563e+00
  8.21489275e-01 -1.62766529e+00  4.51151322e-02 -1.35016475e+00
  2.44609240e-01  1.94691098e+00 -1.97418131e+00 -7.94755174e-01
  2.24652340e-01  1.40008483e+00 -1.00923573e+00  4.20405575e-01
  1.72151252e+00  1.22719018e+00 -1.51196342e-02  5.14764987e-01
 -1.85596917e+00 -1.99481909e-01 -1.83701933e-03  7.30438685e-01
  1.33881791e+00  8.65612290e-01  9.90886669e-01  3.21329603e-01
 -1.11310249e+00 -4.04312645e-01 -1.55805109e+00 -1.80602594e+00
 -1.30133352e+00 -9.62777625e-01 -1.44820743e+00 -1.02500873e-01
 -1.64782201e-01  1.87860852e-01  7.77452588e-01  1.30327631e+00
 -2.05201414e-02 -1.44030428e+00  1.38046481e+00 -1.32686482e+00
  1.54097566e+00  3.21329603e-01  1.08670940e-01 -3.50957734e-01
 -7.23808579e-01  2.21844020e-01  2.44198126e-01  1.59098074e+00
 -5.68414579e-01 -5.20914396e-01 -7.94755174e-01 -1.77136227e+00
 -6.00826001e-01 -1.35326437e+00 -1.93760825e+00 -1.37545602e+00]
